Webots Project File version R2025a
perspectives: 000000ff00000000fd00000002000000010000026800000335fc0200000001fb0000001400540065007800740045006400690074006f00720100000016000003350000008900ffffff0000000300000780000000b0fc0100000001fb0000001a0043006f006e0073006f006c00650041006c006c0041006c006c0100000000000007800000006900ffffff000005160000033500000001000000020000000100000008fc00000000
simulationViewPerspectives: 000000ff000000010000000200000194000002580100000002010000000100
sceneTreePerspectives: 000000ff00000001000000030000001c000000c0000000fa0100000002010000000200
maximizedDockId: -1
centralWidgetVisible: 1
orthographicViewHeight: 1
textFiles: 0 "../VERANO2026/VeranoUG2026/controllers/crazyfliepy/crazyfliepy.py" "../VERANO2026/VeranoUG2026/controllers/crazyfliepy/pid_controller.py"
globalOptionalRendering: CoordinateSystem
consoles: Console:All:All
renderingDevicePerspectives: Crazyflie:camera;1;0.654321;0.00111607;0
