Webots Project File version R2025a
perspectives: 000000ff00000000fd0000000200000001000001cf0000030bfc0200000001fb0000001400540065007800740045006400690074006f007200000000150000030b0000008500ffffff000000030000078000000131fc0100000001fb0000001a0043006f006e0073006f006c00650041006c006c0041006c006c0100000000000007800000006900ffffff000007800000028a00000001000000020000000100000008fc00000000
simulationViewPerspectives: 000000ff000000010000000200000137000004760100000002010000000100
sceneTreePerspectives: 000000ff00000001000000030000001e000000c0000000fa0100000002010000000200
maximizedDockId: -1
centralWidgetVisible: 1
orthographicViewHeight: 1
textFiles: 1 "controllers/crazyfliepy/crazyfliepy.py" "controllers/crazyfliepy/pid_controller.py"
globalOptionalRendering: CoordinateSystem
consoles: Console:All:All
renderingDevicePerspectives: Crazyflie:camera;1;0.854938;0.00124456;0.0403338
